3592.98     1.807     7.9296
3595.42     1.502     0.9874
3597.86    -3.535     0.6991
3600.31    -0.217     0.8334
3602.75     0.180     0.9155
3605.19     0.073     0.9737
3607.63    -1.604     1.0409
3610.08    -0.907     1.1226
3612.52     0.326     1.2169
3614.96     1.302     1.3350
3617.40    -0.078     1.3244
3619.85    -1.273     1.3972
3622.29    -1.236     1.4549
3624.73    -0.916     1.5218
3627.18     0.069     1.6736
3629.62    -0.198     1.7038
3632.06    -0.577     1.7038
3634.50     0.833     1.8365
3636.95     0.460     1.8212
3639.39     1.127     1.9505
3641.83     1.958     2.0486
3644.27     0.297     1.9809
3646.72     0.606     2.1532
3649.16    -1.117     2.1724
3651.60     0.624     2.2692
3654.04    -0.019     2.2575
3656.49     2.646     2.4419
3658.93     1.287     2.3248
3661.37     0.113     2.2977
3663.81     0.192     2.2923
3666.26    -0.657     2.4430
3668.70    -0.223     2.6775
3671.14    -0.378     2.4450
3673.59    -0.096     2.4428
3676.03     0.035     2.5039
3678.47    -1.551     2.5031
3680.91    -1.482     2.5248
3683.36     0.185     2.6415
3685.80    -0.292     2.6158
3688.24    -0.738     2.7492
3690.68    -1.000     2.8089
3693.13     0.754     2.7456
3695.57     2.439     2.8226
3698.01     2.716     2.8723
3700.45    -1.382     2.6693
3702.90     0.759     2.8645
3705.34     1.925     2.8191
3707.78    -1.311     2.6607
3710.23    -0.640     2.6575
3712.67    -0.516     2.6154
3715.11     1.433     2.8405
3717.55     3.375     2.9525
3720.00     3.922     2.9776
3722.44     0.970     2.7470
3724.88     0.698     2.7187
3727.32    -0.626     2.7078
3729.77     1.810     2.8090
3732.21     0.525     2.6610
3734.65     2.612     2.7845
3737.09     2.016     2.5944
3739.54     0.173     2.3802
3741.98    -0.913     2.3743
3744.42     1.368     2.4834
3746.87     0.546     2.3548
3749.31    -0.043     2.2493
3751.75     0.561     2.2799
3754.19     0.021     2.2213
3756.64    -0.558     2.1618
3759.08    -0.051     2.1243
3761.52     0.902     2.1481
3763.96     0.104     2.1113
3766.41    -0.985     2.0705
3768.85    -0.330     2.0564
3771.29     0.222     1.9538
3773.73     0.293     1.9177
3776.18     0.340     1.9363
3778.62     1.537     1.9477
3781.06     0.846     1.8213
3783.50     0.274     1.7309
3785.95     1.299     1.7454
3788.39     0.234     1.7019
3790.83     0.229     1.6172
3793.28     0.576     1.6032
3795.72     0.193     1.5586
3798.16     1.367     1.5987
3800.60     1.610     1.5985
3803.05     0.530     1.5061
3805.49     1.139     1.4735
3807.93     2.080     1.5151
3810.37     1.809     1.4167
3812.82     1.114     1.3565
3815.26     0.106     1.2629
3817.70    -0.382     1.2456
3820.14    -0.230     1.2096
3822.59     0.626     1.2729
3825.03     1.472     1.2663
3827.47     1.598     1.2147
3829.92     1.178     1.1388
3832.36     0.353     1.0852
3834.80     1.540     1.1171
3837.24     0.990     1.0745
3839.69     0.919     1.0435
3842.13     0.234     1.0079
3844.57     0.645     0.9593
3847.01     0.220     0.9253
3849.46    -0.235     0.8766
3851.90    -0.468     0.8736
3854.34    -0.348     0.8432
3856.78     0.559     0.8391
3859.23     0.837     0.8411
3861.67    -0.057     0.7843
3864.11     0.245     0.7567
3866.56     0.835     0.7670
3869.00     0.747     0.7509
3871.44     0.522     0.7083
3873.88     0.035     0.6885
3876.33     0.421     0.6701
3878.77     1.053     0.6655
3881.21     0.529     0.6508
3883.65     0.767     0.6542
3886.10     1.454     0.6721
3888.54     0.624     0.6360
3890.98     2.001     0.6894
3893.42     1.998     0.6862
3895.87     0.773     0.6452
3898.31     0.523     0.6213
3900.75     0.510     0.6342
3903.20    -0.071     0.6217
3905.64    -0.315     0.6070
3908.08     0.807     0.6125
3910.52     0.305     0.5406
3912.97    -0.076     0.5103
3915.41     0.897     0.5126
3917.85     1.051     0.4928
3920.29     0.629     0.4534
3922.74     0.549     0.4277
3925.18     0.754     0.4233
3927.62     0.603     0.4095
3930.06     0.457     0.4155
3932.51     0.408     0.4511
3934.95     0.922     0.4636
3937.39     0.436     0.4494
3939.83     0.451     0.4591
3942.28     1.019     0.4697
3944.72     0.084     0.4427
3947.16     1.012     0.4359
3949.61     0.777     0.4144
3952.05     0.711     0.4023
3954.49     1.733     0.4009
3956.93     0.913     0.3604
3959.38     0.174     0.3254
3961.82     0.475     0.3194
3964.26     1.243     0.3466
3966.70     1.278     0.3645
3969.15     1.706     0.4023
3971.59     1.561     0.4116
3974.03     1.566     0.4126
3976.47     1.349     0.3965
3978.92     0.275     0.3728
3981.36     0.343     0.3740
3983.80     0.572     0.3831
3986.25     0.781     0.3882
3988.69     0.893     0.3688
3991.13     0.826     0.3662
3993.57     1.415     0.3838
3996.02     0.873     0.3709
3998.46     0.910     0.3724
4000.90     0.267     0.4251
4003.34    -0.143     0.3696
4005.79     0.570     0.3637
4008.23     0.348     0.3598
4010.67     0.225     0.3457
4013.11     0.478     0.3559
4015.56     1.070     0.3454
4018.00     0.663     0.3423
4020.44     1.338     0.3464
4022.89     1.866     0.3473
4025.33     1.419     0.3363
4027.77     0.806     0.3183
4030.21     1.506     0.3449
4032.66     0.648     0.3396
4035.10     0.660     0.3304
4037.54     0.619     0.3390
4039.98     0.632     0.3543
4042.43     1.118     0.3363
4044.87     0.915     0.3191
4047.31     1.009     0.3153
4049.75     0.584     0.2983
4052.20     0.692     0.2981
4054.64     1.026     0.3091
4057.08     0.832     0.3133
4059.52    -0.051     0.2989
4061.97     0.472     0.2996
4064.41     0.585     0.2965
4066.85     1.103     0.3043
4069.30     1.297     0.3084
4071.74     1.572     0.3139
4074.18     1.255     0.3034
4076.62     0.740     0.2904
4079.07     1.151     0.2975
4081.51     0.686     0.2868
4083.95     1.751     0.3047
4086.39     1.679     0.2987
4088.84     1.213     0.2780
4091.28     0.886     0.2637
4093.72     0.624     0.2549
4096.16     1.166     0.2586
4098.61     1.063     0.2579
4101.05     1.499     0.2702
4103.49     0.999     0.2645
4105.94     2.142     0.2863
4108.38     1.801     0.2821
4110.82     1.839     0.2802
4113.26     1.574     0.2771
4115.71     1.226     0.2684
4118.15     1.438     0.2741
4120.59     1.612     0.2760
4123.03     1.526     0.2718
4125.48     0.836     0.2604
4127.92     0.823     0.2613
4130.36     0.851     0.2770
4132.80     1.268     0.2639
4135.25     1.292     0.2603
4137.69     1.589     0.2617
4140.13     1.440     0.2566
4142.58     1.336     0.2541
4145.02     1.134     0.2517
4147.46     1.360     0.2569
4149.90     0.835     0.2526
4152.35     1.424     0.2650
4154.79     1.565     0.2675
4157.23     0.742     0.2602
4159.67     0.551     0.2594
4162.12     1.281     0.2644
4164.56     0.985     0.2551
4167.00     0.494     0.2436
4169.44     1.176     0.2488
4171.89     1.132     0.2405
4174.33     1.538     0.2440
4176.77     1.126     0.2358
4179.21     0.963     0.2342
4181.66     1.087     0.2317
4184.10     1.273     0.2300
4186.54     0.815     0.2245
4188.99     0.639     0.2181
4191.43     1.108     0.2202
4193.87     1.090     0.2189
4196.31     1.390     0.2201
4198.76     1.372     0.2222
4201.20     0.932     0.2161
4203.64     0.531     0.2097
4206.08     0.840     0.2147
4208.53     0.907     0.2125
4210.97     1.200     0.2144
4213.41     0.616     0.2007
4215.85     0.918     0.2034
4218.30     1.494     0.2055
4220.74     1.281     0.1941
4223.18     0.925     0.1891
4225.63     0.479     0.1863
4228.07     1.351     0.2025
4230.51     1.841     0.2051
4232.95     1.466     0.2003
4235.40     0.808     0.1869
4237.84     0.729     0.1881
4240.28     1.287     0.1982
4242.72     1.426     0.1985
4245.17     1.271     0.1971
4247.61     1.342     0.1955
4250.05     1.728     0.1987
4252.49     1.669     0.1967
4254.94     1.842     0.1966
4257.38     1.058     0.1842
4259.82     0.945     0.1828
4262.27     1.204     0.1873
4264.71     1.078     0.1808
4267.15     1.385     0.1772
4269.59     1.738     0.1813
4272.04     1.542     0.1804
4274.48     1.472     0.1779
4276.92     1.272     0.1781
4279.36     1.800     0.1822
4281.81     1.424     0.1725
4284.25     0.871     0.1637
4286.69     1.140     0.1665
4289.13     1.446     0.1681
4291.58     1.048     0.1565
4294.02     0.853     0.1480
4296.46     1.430     0.1500
4298.91     1.356     0.1455
4301.35     1.431     0.1490
4303.79     1.343     0.1486
4306.23     1.020     0.1506
4308.68     1.203     0.1581
4311.12     1.132     0.1632
4313.56     1.116     0.1651
4316.00     1.196     0.1626
4318.45     0.984     0.1574
4320.89     1.540     0.1561
4323.33     1.585     0.1542
4325.77     1.669     0.1609
4328.22     1.485     0.1633
4330.66     1.570     0.1568
4333.10     1.506     0.1474
4335.54     1.175     0.1395
4337.99     1.234     0.1414
4340.43     1.445     0.1479
4342.87     1.107     0.1456
4345.32     0.778     0.1402
4347.76     1.053     0.1429
4350.20     1.478     0.1487
4352.64     1.452     0.1515
4355.09     0.948     0.1508
4357.53     1.247     0.1513
4359.97     1.479     0.1486
4362.41     1.872     0.1512
4364.86     2.159     0.1539
4367.30     1.216     0.1402
4369.74     1.275     0.1411
4372.18     1.352     0.1396
4374.63     1.695     0.1392
4377.07     1.953     0.1422
4379.51     1.315     0.1319
4381.96     1.627     0.1332
4384.40     1.375     0.1312
4386.84     1.713     0.1367
4389.28     1.602     0.1346
4391.73     1.166     0.1293
4394.17     1.391     0.1360
4396.61     1.803     0.1417
4399.05     1.892     0.1411
4401.50     1.440     0.1361
4403.94     1.274     0.1369
4406.38     1.435     0.1417
4408.82     1.667     0.1437
4411.27     1.430     0.1402
4413.71     1.575     0.1415
4416.15     1.659     0.1409
4418.60     1.576     0.1404
4421.04     1.911     0.1428
4423.48     1.833     0.1397
4425.92     1.851     0.1377
4428.37     1.811     0.1415
4430.81     1.392     0.1352
4433.25     1.223     0.1353
4435.69     1.313     0.1351
4438.14     1.641     0.1301
4440.58     1.511     0.1301
4443.02     1.860     0.1325
4445.46     2.135     0.1329
4447.91     2.017     0.1292
4450.35     1.810     0.1253
4452.79     1.938     0.1239
4455.23     2.571     0.1294
4457.68     2.414     0.1262
4460.12     2.099     0.1234
4462.56     1.822     0.1228
4465.01     1.802     0.1223
4467.45     1.795     0.1220
4469.89     1.703     0.1214
4472.33     1.731     0.1221
4474.78     1.836     0.1234
4477.22     1.975     0.1204
4479.66     1.906     0.1197
4482.10     1.799     0.1188
4484.55     1.689     0.1193
4486.99     1.374     0.1152
4489.43     1.566     0.1160
4491.87     1.971     0.1192
4494.32     1.751     0.1177
4496.76     1.653     0.1165
4499.20     1.687     0.1172
4501.65     1.435     0.1164
4504.09     2.084     0.1214
4506.53     1.877     0.1191
4508.97     1.694     0.1153
4511.42     1.723     0.1159
4513.86     1.726     0.1140
4516.30     1.423     0.1129
4518.74     1.596     0.1141
4521.19     1.579     0.1105
4523.63     1.526     0.1098
4526.07     1.647     0.1104
4528.51     1.529     0.1080
4530.96     1.611     0.1092
4533.40     1.172     0.1066
4535.84     1.392     0.1080
4538.29     1.252     0.1070
4540.73     1.865     0.1126
4543.17     1.726     0.1095
4545.61     1.294     0.1043
4548.06     1.693     0.1047
4550.50     1.629     0.1049
4552.94     1.811     0.1071
4555.38     1.817     0.1073
4557.83     1.990     0.1092
4560.27     2.164     0.1092
4562.71     1.811     0.1053
4565.15     1.716     0.1043
4567.60     1.654     0.1027
4570.04     1.457     0.1003
4572.48     1.837     0.1045
4574.92     2.034     0.1066
4577.37     2.231     0.1061
4579.81     2.167     0.1044
4582.25     1.882     0.1035
4584.70     1.818     0.1026
4587.14     2.284     0.1057
4589.58     2.298     0.1055
4592.02     2.138     0.1017
4594.47     2.117     0.1005
4596.91     1.749     0.0977
4599.35     1.777     0.0969
4601.79     2.309     0.1027
4604.24     1.910     0.0998
4606.68     2.059     0.1006
4609.12     2.091     0.1003
4611.56     1.587     0.0962
4614.01     1.765     0.0970
4616.45     2.208     0.1003
4618.89     1.880     0.0979
4621.34     1.796     0.0967
4623.78     2.461     0.1016
4626.22     2.374     0.1018
4628.66     2.480     0.1013
4631.11     2.287     0.0981
4633.55     2.236     0.0960
4635.99     2.271     0.0968
4638.43     2.139     0.0956
4640.88     1.831     0.0915
4643.32     2.125     0.0934
4645.76     2.358     0.0946
4648.20     2.161     0.0931
4650.65     2.062     0.0935
4653.09     2.111     0.0942
4655.53     1.982     0.0937
4657.98     2.114     0.0949
4660.42     2.180     0.0949
4662.86     2.288     0.0934
4665.30     2.035     0.0889
4667.75     1.825     0.0883
4670.19     2.100     0.0921
4672.63     2.199     0.0930
4675.07     2.149     0.0936
4677.52     1.770     0.0888
4679.96     1.883     0.0888
4682.40     2.113     0.0902
4684.84     1.804     0.0872
4687.29     1.765     0.0872
4689.73     2.044     0.0886
4692.17     1.973     0.0863
4694.61     1.846     0.0854
4697.06     2.195     0.0868
4699.50     2.201     0.0869
4701.94     2.074     0.0845
4704.39     2.137     0.0851
4706.83     1.985     0.0843
4709.27     2.032     0.0853
4711.71     2.270     0.0861
4714.16     2.374     0.0890
4716.60     2.056     0.0870
4719.04     1.543     0.0820
4721.48     1.780     0.0826
4723.93     1.487     0.0788
4726.37     1.653     0.0793
4728.81     1.969     0.0807
4731.25     2.021     0.0811
4733.70     1.727     0.0796
4736.14     1.682     0.0791
4738.58     1.551     0.0780
4741.03     1.938     0.0802
4743.47     2.162     0.0833
4745.91     1.915     0.0800
4748.35     1.726     0.0784
4750.80     1.621     0.0766
4753.24     1.632     0.0760
4755.68     1.687     0.0765
4758.12     1.987     0.0788
4760.57     2.249     0.0800
4763.01     2.335     0.0799
4765.45     2.116     0.0783
4767.89     1.780     0.0759
4770.34     1.781     0.0760
4772.78     2.294     0.0799
4775.22     2.088     0.0785
4777.67     2.208     0.0809
4780.11     2.677     0.0856
4782.55     2.356     0.0799
4784.99     2.131     0.0769
4787.44     2.316     0.0792
4789.88     2.036     0.0785
4792.32     2.056     0.0781
4794.76     2.124     0.0777
4797.21     2.028     0.0777
4799.65     2.164     0.0780
4802.09     2.256     0.0779
4804.53     2.126     0.0772
4806.98     2.214     0.0778
4809.42     2.268     0.0780
4811.86     2.184     0.0784
4814.31     2.711     0.0829
4816.75     2.442     0.0811
4819.19     1.916     0.0777
4821.63     2.439     0.0803
4824.08     2.435     0.0797
4826.52     2.158     0.0777
4828.96     2.208     0.0781
4831.40     2.233     0.0784
4833.85     1.974     0.0764
4836.29     1.734     0.0734
4838.73     1.615     0.0709
4841.17     1.535     0.0703
4843.62     2.005     0.0733
4846.06     2.380     0.0755
4848.50     2.403     0.0754
4850.94     2.297     0.0726
4853.39     2.079     0.0694
4855.83     2.261     0.0693
4858.27     2.272     0.0681
4860.72     2.160     0.0667
4863.16     2.313     0.0688
4865.60     2.168     0.0684
4868.04     2.094     0.0719
4870.49     2.153     0.0706
4872.93     2.242     0.0691
4875.37     2.345     0.0721
4877.81     2.206     0.0722
4880.26     1.908     0.0695
4882.70     1.831     0.0680
4885.14     2.022     0.0695
4887.58     1.876     0.0680
4890.03     2.289     0.0708
4892.47     2.195     0.0747
4894.91     1.926     0.0712
4897.36     1.903     0.0697
4899.80     2.153     0.0707
4902.24     2.333     0.0723
4904.68     1.997     0.0697
4907.13     1.866     0.0673
4909.57     2.250     0.0705
4912.01     1.970     0.0673
4914.45     2.044     0.0677
4916.90     2.180     0.0671
4919.34     2.415     0.0682
4921.78     2.629     0.0708
4924.22     2.907     0.0736
4926.67     2.883     0.0742
4929.11     2.490     0.0712
4931.55     2.348     0.0699
4934.00     2.484     0.0714
4936.44     2.266     0.0695
4938.88     2.020     0.0670
4941.32     2.485     0.0701
4943.77     2.603     0.0721
4946.21     2.446     0.0712
4948.65     1.980     0.0679
4951.09     1.967     0.0674
4953.54     1.952     0.0662
4955.98     2.255     0.0666
4958.42     2.095     0.0661
4960.86     2.320     0.0688
4963.31     2.596     0.0716
4965.75     2.444     0.0701
4968.19     2.757     0.0723
4970.63     2.632     0.0724
4973.08     2.572     0.0716
4975.52     2.759     0.0726
4977.96     2.534     0.0699
4980.41     2.374     0.0665
4982.85     2.651     0.0674
4985.29     2.339     0.0666
4987.73     2.590     0.0695
4990.18     2.560     0.0698
4992.62     2.374     0.0682
4995.06     2.316     0.0672
4997.50     2.581     0.0687
4999.95     2.656     0.0682
5002.39     2.228     0.0647
5004.83     2.331     0.0661
5007.27     2.244     0.0651
5009.72     2.526     0.0671
5012.16     1.994     0.0624
5014.60     2.027     0.0623
5017.05     2.626     0.0658
5019.49     2.261     0.0633
5021.93     1.843     0.0604
5024.37     2.085     0.0620
5026.82     2.063     0.0625
5029.26     2.055     0.0622
5031.70     2.119     0.0639
5034.14     2.005     0.0622
5036.59     1.876     0.0602
5039.03     1.305     0.0553
5041.47     1.598     0.0573
5043.91     1.682     0.0587
5046.36     2.093     0.0623
5048.80     2.256     0.0637
5051.24     2.456     0.0644
5053.69     2.875     0.0680
5056.13     2.803     0.0687
5058.57     2.825     0.0704
5061.01     3.115     0.0744
5063.46     2.957     0.0685
5065.90     2.459     0.0645
5068.34     1.907     0.0611
5070.78     2.312     0.0637
5073.23     2.277     0.0610
5075.67     1.898     0.0667
5078.11     2.338     0.0773
5080.55     2.549     0.0623
5083.00     2.514     0.0632
5085.44     2.388     0.0633
5087.88     2.306     0.0637
5090.32     2.490     0.0652
5092.77     2.892     0.0672
5095.21     2.995     0.0672
5097.65     3.073     0.0673
5100.10     2.879     0.0684
5102.54     2.814     0.0689
5104.98     2.204     0.0615
5107.42     2.346     0.0624
5109.87     2.569     0.0638
5112.31     2.588     0.0645
5114.75     2.685     0.0653
5117.19     2.974     0.0679
5119.64     2.889     0.0670
5122.08     2.781     0.0655
5124.52     2.333     0.0610
5126.96     2.235     0.0598
5129.41     2.366     0.0615
5131.85     2.635     0.0646
5134.29     2.786     0.0649
5136.74     2.880     0.0662
5139.18     3.148     0.0686
5141.62     3.254     0.0686
5144.06     3.192     0.0679
5146.51     3.104     0.0673
5148.95     3.228     0.0679
5151.39     3.376     0.0689
5153.83     3.415     0.0687
5156.28     3.250     0.0678
5158.72     3.221     0.0676
5161.16     3.273     0.0667
5163.60     3.330     0.0657
5166.05     3.197     0.0627
5168.49     3.013     0.0599
5170.93     2.836     0.0587
5173.38     2.782     0.0592
5175.82     3.128     0.0631
5178.26     3.038     0.0634
5180.70     2.795     0.0607
5183.15     2.593     0.0590
5185.59     2.745     0.0616
5188.03     3.075     0.0662
5190.47     2.948     0.0657
5192.92     3.112     0.0665
5195.36     3.318     0.0709
5197.80     3.135     0.0736
5200.24     3.276     0.0750
5202.69     3.820     0.0748
5205.13     3.533     0.0689
5207.57     2.942     0.0631
5210.02     2.776     0.0616
5212.46     2.718     0.0616
5214.90     2.921     0.0637
5217.34     2.915     0.0640
5219.79     3.286     0.0671
5222.23     3.396     0.0684
5224.67     3.104     0.0659
5227.11     2.908     0.0620
5229.56     2.517     0.0592
5232.00     2.531     0.0603
5234.44     2.886     0.0633
5236.88     3.140     0.0664
5239.33     3.783     0.0709
5241.77     3.830     0.0703
5244.21     3.089     0.0638
5246.65     2.773     0.0605
5249.10     2.326     0.0580
5251.54     1.996     0.0573
5253.98     2.148     0.0593
5256.43     2.355     0.0609
5258.87     2.793     0.0624
5261.31     2.728     0.0588
5263.75     2.420     0.0547
5266.20     2.575     0.0554
5268.64     2.408     0.0542
5271.08     1.904     0.0521
5273.52     2.044     0.0551
5275.97     2.962     0.0623
5278.41     3.044     0.0628
5280.85     3.095     0.0614
5283.29     2.978     0.0612
5285.74     2.766     0.0597
5288.18     2.867     0.0606
5290.62     2.921     0.0614
5293.07     2.703     0.0598
5295.51     2.414     0.0582
5297.95     2.881     0.0608
5300.39     3.199     0.0627
5302.84     3.100     0.0620
5305.28     3.129     0.0672
5307.72     3.532     0.0681
5310.16     3.178     0.0637
5312.61     3.322     0.0651
5315.05     3.552     0.0659
5317.49     3.654     0.0653
5319.93     3.450     0.0635
5322.38     3.050     0.0646
5324.82     3.176     0.0622
5327.26     3.111     0.0592
5329.71     2.708     0.0573
5332.15     2.522     0.0570
5334.59     2.611     0.0577
5337.03     2.582     0.0569
5339.48     2.506     0.0565
5341.92     2.636     0.0568
5344.36     2.932     0.0587
5346.80     3.281     0.0609
5349.25     2.979     0.0596
5351.69     3.305     0.0618
5354.13     3.414     0.0629
5356.57     3.084     0.0606
5359.02     3.334     0.0621
5361.46     3.119     0.0592
5363.90     3.050     0.0579
5366.34     2.691     0.0553
5368.79     2.622     0.0551
5371.23     2.520     0.0541
5373.67     2.304     0.0532
5376.12     2.418     0.0549
5378.56     2.232     0.0536
5381.00     2.132     0.0519
5383.44     2.064     0.0514
5385.89     2.155     0.0519
5388.33     1.831     0.0496
5390.77     1.919     0.0498
5393.21     1.982     0.0502
5395.66     1.999     0.0498
5398.10     2.180     0.0510
5400.54     2.273     0.0518
5402.98     2.571     0.0533
5405.43     2.898     0.0550
5407.87     2.771     0.0546
5410.31     2.657     0.0540
5412.76     3.045     0.0563
5415.20     3.045     0.0573
5417.64     2.689     0.0549
5420.08     2.654     0.0546
5422.53     2.585     0.0535
5424.97     2.786     0.0548
5427.41     2.688     0.0544
5429.85     2.742     0.0546
5432.30     2.648     0.0536
5434.74     2.755     0.0548
5437.18     2.915     0.0560
5439.62     2.947     0.0567
5442.07     2.833     0.0557
5444.51     2.706     0.0546
5446.95     2.492     0.0527
5449.40     2.623     0.0536
5451.84     2.989     0.0560
5454.28     3.036     0.0567
5456.72     2.807     0.0559
5459.17     2.510     0.0543
5461.61     2.598     0.0546
5464.05     2.684     0.0545
5466.49     2.716     0.0543
5468.94     2.847     0.0556
5471.38     2.764     0.0551
5473.82     2.917     0.0552
5476.26     3.232     0.0570
5478.71     3.322     0.0575
5481.15     3.283     0.0578
5483.59     3.393     0.0585
5486.03     3.508     0.0593
5488.48     3.361     0.0584
5490.92     3.132     0.0575
5493.36     3.088     0.0571
5495.81     3.383     0.0585
5498.25     3.795     0.0611
5500.69     3.879     0.0619
5503.13     3.701     0.0609
5505.58     3.510     0.0593
5508.02     3.504     0.0595
5510.46     3.481     0.0596
5512.90     3.345     0.0582
5515.35     3.027     0.0564
5517.79     2.848     0.0555
5520.23     2.647     0.0541
5522.67     2.161     0.0506
5525.12     2.007     0.0489
5527.56     1.314     0.0481
5530.00     1.317     0.0453
5532.45     1.329     0.0440
5534.89     1.388     0.0499
5537.33     1.922     0.0508
5539.77     2.395     0.0531
5542.22     2.714     0.0579
5544.66     2.913     0.0597
5547.10     3.161     0.0596
5549.54     3.279     0.0593
5551.99     3.644     0.0609
5554.43     3.611     0.0599
5556.87     3.820     0.0610
5559.31     3.711     0.0619
5561.76     3.682     0.0636
5564.20     3.880     0.0657
5566.64     3.127     0.0602
5569.09     3.015     0.0579
5571.53     2.717     0.0883
5573.97     1.788     0.2297
5576.41     1.001     0.3578
5578.86     1.831     0.3345
5581.30     1.938     0.1640
5583.74     1.870     0.0663
5586.18     2.361     0.0527
5588.63     2.614     0.0552
5591.07     3.197     0.0587
5593.51     3.734     0.0609
5595.95     3.941     0.0614
5598.40     4.297     0.0639
5600.84     4.469     0.0666
5603.28     4.745     0.0695
5605.73     4.531     0.0688
5608.17     4.535     0.0681
5610.61     4.330     0.0644
5613.05     4.330     0.0635
5615.50     4.660     0.0659
5617.94     4.838     0.0674
5620.38     4.609     0.0675
5622.82     4.766     0.0693
5625.27     5.064     0.0705
5627.71     4.839     0.0677
5630.15     4.717     0.0663
5632.59     4.754     0.0661
5635.04     4.868     0.0665
5637.48     5.085     0.0682
5639.92     4.997     0.0678
5642.36     4.893     0.0679
5644.81     5.086     0.0692
5647.25     4.849     0.0680
5649.69     4.784     0.0667
5652.14     4.746     0.0660
5654.58     5.056     0.0670
5657.02     5.333     0.0680
5659.46     5.188     0.0674
5661.91     5.036     0.0664
5664.35     5.028     0.0671
5666.79     4.698     0.0661
5669.23     4.765     0.0662
5671.68     4.689     0.0660
5674.12     4.893     0.0672
5676.56     5.358     0.0697
5679.00     5.407     0.0701
5681.45     4.810     0.0664
5683.89     4.613     0.0653
5686.33     4.599     0.0656
5688.78     4.660     0.0651
5691.22     4.600     0.0741
5693.66     4.632     0.0800
5696.10     4.856     0.0706
5698.55     4.748     0.0657
5700.99     4.560     0.0646
5703.43     4.630     0.0645
5705.87     4.690     0.0649
5708.32     4.677     0.0641
5710.76     4.775     0.0644
5713.20     4.638     0.0640
5715.64     4.433     0.0635
5718.09     4.698     0.0653
5720.53     4.567     0.0645
5722.97     4.542     0.0644
5725.42     4.581     0.0645
5727.86     4.484     0.0638
5730.30     4.500     0.0634
5732.74     4.487     0.0635
5735.19     4.553     0.0639
5737.63     4.825     0.0650
5740.07     4.959     0.0658
5742.51     5.079     0.0666
5744.96     5.359     0.0684
5747.40     5.212     0.0671
5749.84     5.224     0.0671
5752.28     5.243     0.0672
5754.73     5.292     0.0695
5757.17     5.083     0.0686
5759.61     4.753     0.0645
5762.05     4.509     0.0623
5764.50     4.041     0.0596
5766.94     4.085     0.0605
5769.38     4.057     0.0605
5771.83     4.203     0.0612
5774.27     4.327     0.0618
5776.71     4.466     0.0620
5779.15     4.787     0.0633
5781.60     4.690     0.0629
5784.04     4.553     0.0622
5786.48     5.071     0.0647
5788.92     5.161     0.0701
5791.37     4.975     0.0681
5793.81     4.919     0.0643
5796.25     4.740     0.0640
5798.69     4.768     0.0641
5801.14     4.794     0.0641
5803.58     4.733     0.0634
5806.02     4.703     0.0631
5808.47     4.601     0.0625
5810.91     4.505     0.0619
5813.35     4.586     0.0623
5815.79     4.996     0.0649
5818.24     5.123     0.0657
5820.68     5.008     0.0657
5823.12     4.820     0.0646
5825.56     4.744     0.0635
5828.01     4.619     0.0627
5830.45     4.679     0.0630
5832.89     4.969     0.0643
5835.33     4.553     0.0686
5837.78     4.445     0.0668
5840.22     4.684     0.0620
5842.66     4.528     0.0624
5845.11     4.305     0.0607
5847.55     4.679     0.0661
5849.99     5.053     0.0683
5852.43     5.009     0.0640
5854.88     5.042     0.0643
5857.32     4.890     0.0634
5859.76     4.789     0.0633
5862.20     4.847     0.0677
5864.65     4.756     0.0743
5867.09     4.518     0.0767
5869.53     4.325     0.0733
5871.97     4.414     0.0686
5874.42     4.530     0.0657
5876.86     4.637     0.0648
5879.30     4.593     0.0635
5881.74     4.693     0.0644
5884.19     4.962     0.0779
5886.63     4.519     0.1089
5889.07     4.084     0.1332
5891.52     4.203     0.1403
5893.96     4.267     0.1296
5896.40     4.311     0.1127
5898.84     4.378     0.0904
5901.29     4.278     0.0997
5903.73     4.559     0.1026
5906.17     4.678     0.0648
5908.61     4.716     0.0664
5911.06     4.818     0.0761
5913.50     4.905     0.0839
5915.94     5.082     0.0761
5918.38     5.074     0.0731
5920.83     5.093     0.0701
5923.27     4.855     0.0702
5925.71     4.894     0.0704
5928.16     5.181     0.0735
5930.60     5.137     0.0777
5933.04     4.842     0.0773
5935.48     5.032     0.0743
5937.93     4.951     0.0670
5940.37     4.551     0.0625
5942.81     4.258     0.0625
5945.25     4.209     0.0637
5947.70     4.549     0.0664
5950.14     4.968     0.0720
5952.58     4.956     0.0749
5955.02     4.726     0.0720
5957.47     4.953     0.0682
5959.91     4.861     0.0640
5962.35     4.862     0.0639
5964.80     5.007     0.0653
5967.24     5.142     0.0672
5969.68     5.202     0.0686
5972.12     4.848     0.0669
5974.57     4.514     0.0668
5977.01     4.700     0.0685
5979.45     4.731     0.0668
5981.89     4.583     0.0630
5984.34     4.736     0.0627
5986.78     4.999     0.0634
5989.22     4.965     0.0632
5991.66     4.997     0.0636
5994.11     4.983     0.0640
5996.55     4.719     0.0629
5998.99     4.944     0.0647
6001.43     4.991     0.0655
6003.88     4.623     0.0632
6006.32     4.406     0.0609
6008.76     4.559     0.0600
6011.21     4.389     0.0585
6013.65     4.638     0.0600
6016.09     4.698     0.0597
6018.53     4.874     0.0606
6020.98     4.735     0.0599
6023.42     4.785     0.0603
6025.86     4.789     0.0607
6028.30     4.533     0.0599
6030.75     4.640     0.0612
6033.19     4.486     0.0600
6035.63     4.443     0.0595
6038.07     4.438     0.0580
6040.52     4.641     0.0605
6042.96     4.562     0.0637
6045.40     3.770     0.0540
6047.85     3.704     0.0529
6050.29     3.340     0.0529
6052.73     3.450     0.0584
6055.17     3.831     0.0537
6057.62     3.785     0.0527
6060.06     3.684     0.0523
6062.50     3.909     0.0542
6064.94     4.392     0.0580
6067.39     5.145     0.0622
6069.83     5.413     0.0641
6072.27     5.743     0.0651
6074.71     5.477     0.0629
6077.16     5.250     0.0616
6079.60     4.712     0.0578
6082.04     4.851     0.0589
6084.49     5.025     0.0596
6086.93     5.155     0.0603
6089.37     5.421     0.0619
6091.81     5.563     0.0626
6094.26     5.290     0.0616
6096.70     5.118     0.0607
6099.14     4.918     0.0594
6101.58     4.573     0.0573
6104.03     4.427     0.0565
6106.47     4.527     0.0568
6108.91     5.115     0.0599
6111.35     5.371     0.0617
6113.80     5.319     0.0613
6116.24     5.353     0.0614
6118.68     5.296     0.0607
6121.13     5.143     0.0595
6123.57     5.138     0.0592
6126.01     5.449     0.0608
6128.45     5.636     0.0624
6130.90     5.654     0.0623
6133.34     5.706     0.0635
6135.78     5.733     0.0655
6138.22     5.788     0.0671
6140.67     5.496     0.0665
6143.11     5.678     0.0677
6145.55     5.376     0.0647
6147.99     5.334     0.0626
6150.44     5.385     0.0617
6152.88     5.370     0.0612
6155.32     5.260     0.0605
6157.76     5.233     0.0595
6160.21     4.988     0.0575
6162.65     4.632     0.0554
6165.09     4.602     0.0558
6167.54     4.630     0.0597
6169.98     4.785     0.0629
6172.42     5.145     0.0654
6174.86     4.740     0.0605
6177.31     5.105     0.0609
6179.75     5.310     0.0612
6182.19     5.591     0.0625
6184.63     5.508     0.0618
6187.08     5.550     0.0618
6189.52     5.324     0.0607
6191.96     5.210     0.0604
6194.40     4.897     0.0584
6196.85     5.004     0.0588
6199.29     5.049     0.0615
6201.73     5.341     0.0653
6204.18     5.725     0.0675
6206.62     5.709     0.0644
6209.06     5.533     0.0620
6211.50     5.629     0.0628
6213.95     5.883     0.0646
6216.39     5.846     0.0646
6218.83     5.808     0.0667
6221.27     5.799     0.0684
6223.72     5.907     0.0682
6226.16     5.690     0.0635
6228.60     5.510     0.0614
6231.04     5.596     0.0690
6233.49     5.495     0.0807
6235.93     5.720     0.0883
6238.37     5.627     0.0844
6240.82     5.603     0.0760
6243.26     5.620     0.0712
6245.70     5.828     0.0690
6248.14     5.827     0.0653
6250.59     5.949     0.0640
6253.03     6.087     0.0694
6255.47     6.186     0.0807
6257.91     6.137     0.0865
6260.36     5.952     0.0825
6262.80     5.684     0.0744
6265.24     5.535     0.0708
6267.68     5.470     0.0682
6270.13     5.274     0.0633
6272.57     5.497     0.0640
6275.01     5.552     0.0651
6277.45     5.477     0.0644
6279.90     5.512     0.0632
6282.34     5.401     0.0643
6284.78     5.471     0.0725
6287.23     5.671     0.0799
6289.67     5.789     0.0775
6292.11     5.875     0.0690
6294.55     6.106     0.0819
6297.00     6.165     0.1397
6299.44     6.029     0.1910
6301.88     6.059     0.1843
6304.32     6.021     0.1331
6306.77     5.964     0.0929
6309.21     6.140     0.0837
6311.65     6.204     0.0728
6314.09     6.002     0.0647
6316.54     5.940     0.0644
6318.98     5.953     0.0672
6321.42     6.072     0.0695
6323.87     6.240     0.0709
6326.31     6.036     0.0741
6328.75     6.051     0.0805
6331.19     6.460     0.0826
6333.64     6.686     0.0760
6336.08     6.536     0.0675
6338.52     6.528     0.0668
6340.96     6.481     0.0668
6343.41     6.565     0.0681
6345.85     6.678     0.0709
6348.29     6.192     0.0691
6350.73     5.902     0.0680
6353.18     6.162     0.0722
6355.62     6.450     0.0760
6358.06     6.466     0.0799
6360.51     5.961     0.0909
6362.95     5.728     0.1028
6365.39     5.349     0.0967
6367.83     5.500     0.0781
6370.28     5.588     0.0630
6372.72     5.625     0.0616
6375.16     5.629     0.0624
6377.60     5.656     0.0635
6380.05     5.857     0.0651
6382.49     5.868     0.0664
6384.93     6.260     0.0696
6387.37     6.325     0.0699
6389.82     6.180     0.0672
6392.26     6.177     0.0649
6394.70     5.978     0.0629
6397.14     5.945     0.0621
6399.59     6.006     0.0625
6402.03     5.997     0.0625
6404.47     6.254     0.0639
6406.92     6.209     0.0634
6409.36     6.193     0.0634
6411.80     6.536     0.0662
6414.24     6.415     0.0661
6416.69     6.486     0.0672
6419.13     6.487     0.0674
6421.57     6.434     0.0668
6424.01     6.105     0.0640
6426.46     6.369     0.0649
6428.90     6.504     0.0652
6431.34     6.556     0.0655
6433.78     6.425     0.0651
6436.23     6.058     0.0628
6438.67     5.948     0.0619
6441.11     6.299     0.0637
6443.56     5.960     0.0619
6446.00     6.060     0.0626
6448.44     6.128     0.0651
6450.88     5.759     0.0731
6453.33     6.047     0.0658
6455.77     6.447     0.0662
6458.21     6.057     0.0651
6460.65     5.815     0.0676
6463.10     6.214     0.0754
6465.54     6.028     0.0788
6467.98     5.931     0.0802
6470.42     5.987     0.0778
6472.87     5.771     0.0722
6475.31     6.027     0.0695
6477.75     6.551     0.0698
6480.20     6.553     0.0688
6482.64     6.631     0.0743
6485.08     6.718     0.0685
6487.52     6.815     0.0669
6489.97     6.689     0.0665
6492.41     6.614     0.0673
6494.85     7.050     0.0801
6497.29     6.517     0.0881
6499.74     6.340     0.0951
6502.18     6.495     0.0863
6504.62     6.452     0.0761
6507.06     6.436     0.0727
6509.51     6.641     0.0703
6511.95     6.511     0.0684
6514.39     6.445     0.0673
6516.84     6.347     0.0666
6519.28     6.264     0.0678
6521.72     6.209     0.0691
6524.16     6.429     0.0705
6526.61     6.285     0.0680
6529.05     5.887     0.0711
6531.49     6.078     0.0804
6533.93     6.239     0.0839
6536.38     6.010     0.0747
6538.82     5.734     0.0662
6541.26     6.163     0.0699
6543.70     6.472     0.0742
6546.15     6.120     0.0703
6548.59     6.288     0.0728
6551.03     6.539     0.0826
6553.47     6.406     0.0875
6555.92     6.479     0.0831
6558.36     6.258     0.0724
6560.80     5.911     0.0673
6563.25     5.877     0.0686
6565.69     5.903     0.0699
6568.13     5.849     0.0689
6570.57     5.871     0.0674
6573.02     6.099     0.0719
6575.46     6.139     0.0780
6577.90     6.125     0.0805
6580.34     6.166     0.0755
6582.79     6.031     0.0670
6585.23     6.004     0.0643
6587.67     5.886     0.0633
6590.11     6.026     0.0639
6592.56     6.402     0.0671
6595.00     6.256     0.0676
6597.44     5.852     0.0654
6599.89     5.973     0.0680
6602.33     6.298     0.0728
6604.77     6.188     0.0723
6607.21     6.098     0.0686
6609.66     6.119     0.0650
6612.10     6.182     0.0643
6614.54     6.008     0.0632
6616.98     6.058     0.0630
6619.43     5.986     0.0627
6621.87     6.023     0.0636
6624.31     5.867     0.0634
6626.75     5.738     0.0632
6629.20     6.199     0.0664
6631.64     6.364     0.0684
6634.08     6.626     0.0702
6636.53     6.540     0.0692
6638.97     6.573     0.0678
6641.41     6.541     0.0665
6643.85     6.338     0.0647
6646.30     6.610     0.0661
6648.74     6.243     0.0644
6651.18     6.044     0.0634
6653.62     6.408     0.0657
6656.07     6.041     0.0631
6658.51     5.979     0.0655
6660.95     6.657     0.0793
6663.39     6.923     0.0784
6665.84     6.409     0.0671
6668.28     6.363     0.0662
6670.72     6.177     0.0648
6673.16     6.375     0.0655
6675.61     6.601     0.0663
6678.05     6.265     0.0644
6680.49     6.400     0.0652
6682.94     6.342     0.0649
6685.38     6.357     0.0653
6687.82     6.350     0.0653
6690.26     6.447     0.0658
6692.71     6.166     0.0641
6695.15     6.246     0.0648
6697.59     5.973     0.0638
6700.03     5.875     0.0638
6702.48     6.262     0.0668
6704.92     6.308     0.0681
6707.36     6.225     0.0703
6709.80     6.166     0.0778
6712.25     6.533     0.0925
6714.69     6.838     0.0977
6717.13     7.110     0.0935
6719.58     6.354     0.0769
6722.02     6.173     0.0698
6724.46     6.224     0.0680
6726.90     6.047     0.0661
6729.35     6.220     0.0669
6731.79     6.099     0.0654
6734.23     6.160     0.0652
6736.67     6.092     0.0646
6739.12     6.245     0.0660
6741.56     6.284     0.0664
6744.00     6.457     0.0673
6746.44     6.332     0.0657
6748.89     6.130     0.0642
6751.33     6.409     0.0654
6753.77     6.346     0.0648
6756.22     6.034     0.0627
6758.66     6.198     0.0640
6761.10     6.279     0.0646
6763.54     6.313     0.0648
6765.99     6.295     0.0644
6768.43     6.306     0.0648
6770.87     6.398     0.0648
6773.31     6.664     0.0662
6775.76     6.527     0.0656
6778.20     6.353     0.0650
6780.64     6.468     0.0658
6783.08     6.426     0.0658
6785.53     6.155     0.0644
6787.97     6.258     0.0645
6790.41     6.357     0.0648
6792.85     6.131     0.0636
6795.30     6.371     0.0647
6797.74     6.304     0.0640
6800.18     6.256     0.0642
6802.63     6.487     0.0657
6805.07     6.299     0.0643
6807.51     6.254     0.0636
6809.95     6.309     0.0642
6812.40     6.086     0.0632
6814.84     5.794     0.0617
6817.28     6.018     0.0633
6819.72     6.199     0.0642
6822.17     6.060     0.0655
6824.61     6.171     0.0776
6827.05     5.867     0.0930
6829.49     5.365     0.1039
6831.94     5.099     0.1053
6834.38     5.298     0.0985
6836.82     5.291     0.0857
6839.27     4.978     0.0718
6841.71     5.351     0.0688
6844.15     5.588     0.0673
6846.59     5.424     0.0625
6849.04     5.263     0.0599
6851.48     5.454     0.0609
6853.92     5.800     0.0622
6856.36     5.978     0.0629
6858.81     5.888     0.0757
6861.25     5.979     0.1051
6863.69     5.694     0.1188
6866.13     5.134     0.1059
6868.58     4.977     0.0791
6871.02     4.479     0.0619
6873.46     4.401     0.0568
6875.91     4.839     0.0572
6878.35     5.277     0.0619
6880.79     6.027     0.0691
6883.23     5.936     0.0688
6885.68     5.819     0.0697
6888.12     5.904     0.0734
6890.56     5.582     0.0714
6893.00     5.627     0.0674
6895.45     5.602     0.0651
6897.89     5.495     0.0707
6900.33     5.648     0.0749
6902.77     5.772     0.0745
6905.22     5.972     0.0691
6907.66     5.734     0.0668
6910.10     5.829     0.0749
6912.55     5.594     0.0772
6914.99     5.791     0.0759
6917.43     5.427     0.0730
6919.87     5.440     0.0818
6922.32     5.795     0.0958
6924.76     5.898     0.0960
6927.20     5.843     0.0795
6929.64     6.002     0.0682
6932.09     6.123     0.0654
6934.53     6.289     0.0693
6936.97     6.271     0.0770
6939.41     6.067     0.0797
6941.86     5.981     0.0769
6944.30     6.321     0.0816
6946.74     6.145     0.0944
6949.18     6.258     0.1033
6951.63     6.189     0.0942
6954.07     6.714     0.0803
6956.51     6.691     0.0716
6958.96     6.416     0.0679
6961.40     6.571     0.0690
6963.84     6.194     0.0680
6966.28     6.358     0.0732
6968.73     6.189     0.0751
6971.17     6.062     0.0746
6973.61     6.020     0.0763
6976.05     6.174     0.0834
6978.50     6.211     0.0881
6980.94     6.279     0.0833
6983.38     6.376     0.0742
6985.82     5.897     0.0664
6988.27     6.019     0.0661
6990.71     6.159     0.0667
6993.15     5.949     0.0656
6995.60     5.857     0.0649
6998.04     6.277     0.0683
7000.48     6.026     0.0688
7002.92     6.102     0.0701
7005.37     6.142     0.0708
7007.81     5.593     0.0696
7010.25     5.791     0.0731
7012.69     5.780     0.0725
7015.14     5.711     0.0676
7017.58     5.734     0.0640
7020.02     6.099     0.0653
7022.46     6.230     0.0660
7024.91     6.114     0.0652
7027.35     5.795     0.0637
7029.79     5.553     0.0625
7032.24     5.845     0.0642
7034.68     5.903     0.0647
7037.12     5.672     0.0642
7039.56     5.665     0.0652
7042.01     5.843     0.0678
7044.45     5.807     0.0701
7046.89     5.844     0.0729
7049.33     5.608     0.0724
7051.78     5.414     0.0686
7054.22     5.688     0.0672
7056.66     5.779     0.0664
7059.10     5.849     0.0664
7061.55     5.892     0.0674
7063.99     5.976     0.0685
7066.43     6.060     0.0697
7068.87     5.992     0.0700
7071.32     5.970     0.0688
7073.76     6.089     0.0692
7076.20     6.147     0.0696
7078.65     5.759     0.0679
7081.09     5.457     0.0657
7083.53     5.583     0.0668
7085.97     5.643     0.0685
7088.42     5.751     0.0690
7090.86     5.474     0.0667
7093.30     5.616     0.0659
7095.74     5.975     0.0675
7098.19     5.848     0.0660
7100.63     6.036     0.0673
7103.07     5.909     0.0665
7105.51     5.766     0.0657
7107.96     6.089     0.0678
7110.40     6.341     0.0693
7112.84     6.594     0.0707
7115.29     6.399     0.0693
7117.73     6.187     0.0683
7120.17     5.843     0.0660
7122.61     5.995     0.0677
7125.06     5.715     0.0670
7127.50     5.809     0.0682
7129.94     5.917     0.0696
7132.38     5.820     0.0688
7134.83     5.742     0.0675
7137.27     5.913     0.0680
7139.71     6.014     0.0697
7142.15     5.772     0.0699
7144.60     5.634     0.0699
7147.04     5.787     0.0707
7149.48     5.671     0.0689
7151.93     5.739     0.0682
7154.37     6.021     0.0696
7156.81     6.153     0.0708
7159.25     6.153     0.0713
7161.70     5.857     0.0698
7164.14     6.046     0.0711
7166.58     5.826     0.0698
7169.02     5.551     0.0682
7171.47     5.662     0.0689
7173.91     5.425     0.0674
7176.35     5.490     0.0686
7178.79     5.464     0.0681
7181.24     5.456     0.0674
7183.68     5.545     0.0671
7186.12     5.713     0.0670
7188.56     5.794     0.0672
7191.01     5.866     0.0672
7193.45     5.857     0.0674
7195.89     5.756     0.0670
7198.34     5.559     0.0659
7200.78     5.356     0.0650
7203.22     5.690     0.0786
7205.66     5.899     0.0843
7208.11     5.466     0.0693
7210.55     5.643     0.0665
7212.99     5.635     0.0671
7215.43     5.511     0.0660
7217.88     5.655     0.0681
7220.32     5.567     0.0684
7222.76     5.768     0.0702
7225.20     5.677     0.0702
7227.65     5.433     0.0691
7230.09     5.621     0.0705
7232.53     5.561     0.0726
7234.98     5.457     0.0950
7237.42     5.070     0.1347
7239.86     5.097     0.1770
7242.30     5.155     0.1952
7244.75     5.365     0.1805
7247.19     5.457     0.1456
7249.63     5.503     0.1130
7252.07     5.745     0.0995
7254.52     5.555     0.0924
7256.96     5.118     0.0812
7259.40     5.061     0.0729
7261.84     5.143     0.0697
7264.29     4.725     0.0675
7266.73     4.547     0.0675
7269.17     4.622     0.0732
7271.62     4.323     0.1090
7274.06     4.343     0.1716
7276.50     4.631     0.1986
7278.94     5.120     0.1757
7281.39     5.180     0.1344
7283.83     4.874     0.1398
7286.27     5.342     0.1388
7288.71     5.036     0.0889
7291.16     5.152     0.0792
7293.60     4.855     0.0891
7296.04     4.988     0.0990
7298.48     5.710     0.0896
7300.93     5.296     0.0946
7303.37     5.529     0.1008
7305.81     5.761     0.0988
7308.25     5.425     0.0848
7310.70     5.735     0.0973
7313.14     5.708     0.1423
7315.58     5.636     0.1712
7318.03     5.677     0.1610
7320.47     5.352     0.1110
7322.91     5.443     0.0871
7325.35     5.411     0.0945
7327.80     5.622     0.1123
7330.24     5.859     0.1153
7332.68     5.633     0.0975
7335.12     5.649     0.1009
7337.57     5.602     0.1506
7340.01     5.553     0.1894
7342.45     5.609     0.1843
7344.89     6.027     0.1315
7347.34     5.738     0.0939
7349.78     5.292     0.0783
7352.22     5.410     0.0791
7354.67     5.840     0.0960
7357.11     5.947     0.1113
7359.55     5.583     0.1111
7361.99     6.044     0.1026
7364.44     6.457     0.1153
7366.88     6.417     0.1548
7369.32     6.342     0.1728
7371.76     5.893     0.1493
7374.21     6.266     0.1098
7376.65     6.059     0.0876
7379.09     6.036     0.0805
7381.53     5.884     0.0778
7383.98     5.866     0.0773
7386.42     5.971     0.0820
7388.86     6.067     0.0957
7391.31     5.979     0.1039
7393.75     6.354     0.1048
7396.19     6.313     0.1011
7398.63     5.762     0.1153
7401.08     5.688     0.1302
7403.52     5.437     0.1236
7405.96     5.278     0.0962
7408.40     5.026     0.0775
7410.85     5.107     0.0741
7413.29     5.216     0.0744
7415.73     5.281     0.0744
7418.17     5.694     0.0771
7420.62     6.199     0.0807
7423.06     5.821     0.0789
7425.50     6.019     0.0855
7427.95     6.280     0.0931
7430.39     6.174     0.0941
7432.83     6.310     0.0954
7435.27     6.433     0.1038
7437.72     6.494     0.1124
7440.16     6.165     0.1063
7442.60     6.189     0.0933
7445.04     6.242     0.0838
7447.49     6.201     0.0812
7449.93     5.969     0.0790
7452.37     5.952     0.0791
7454.81     6.128     0.0813
7457.26     6.125     0.0830
7459.70     6.049     0.0861
7462.14     6.191     0.0927
7464.58     6.292     0.0991
7467.03     6.330     0.1044
7469.47     6.813     0.1161
7471.91     6.567     0.1199
7474.36     6.365     0.1191
7476.80     6.434     0.1197
7479.24     6.089     0.1221
7481.68     6.244     0.1291
7484.13     6.143     0.1193
7486.57     5.954     0.1029
7489.01     6.180     0.0934
7491.45     6.028     0.0917
7493.90     5.797     0.0904
7496.34     5.762     0.0875
7498.78     5.820     0.0839
7501.22     6.078     0.0840
7503.67     6.040     0.0828
7506.11     6.202     0.0831
7508.55     6.255     0.0835
7511.00     6.302     0.0844
7513.44     6.067     0.0849
7515.88     6.192     0.0888
7518.32     5.857     0.1039
7520.77     5.842     0.1473
7523.21     5.781     0.1727
7525.65     6.056     0.1736
7528.09     6.792     0.1495
7530.54     6.513     0.1261
7532.98     6.125     0.1099
7535.42     6.175     0.0969
7537.86     5.969     0.0932
7540.31     6.298     0.0953
7542.75     6.359     0.0935
7545.19     6.140     0.0883
7547.64     6.058     0.0860
7550.08     6.140     0.0867
7552.52     6.036     0.0911
7554.96     5.820     0.0986
7557.41     5.646     0.1003
7559.85     5.818     0.0975
7562.29     6.424     0.0945
7564.73     6.616     0.0970
7567.18     6.387     0.1172
7569.62     6.385     0.1474
7572.06     6.484     0.1587
7574.50     6.315     0.1382
7576.95     6.337     0.1085
7579.39     6.133     0.0943
7581.83     6.078     0.0984
7584.27     5.992     0.1062
7586.72     6.291     0.1116
7589.16     5.708     0.0981
7591.60     5.085     0.0842
7594.05     4.406     0.0863
7596.49     3.758     0.0909
7598.93     3.133     0.0886
7601.37     2.389     0.0692
7603.82     2.292     0.0543
7606.26     2.113     0.0472
7608.70     2.351     0.0482
7611.14     3.015     0.0544
7613.59     3.272     0.0648
7616.03     4.126     0.0813
7618.47     4.717     0.0922
7620.91     4.487     0.0858
7623.36     4.173     0.0839
7625.80     4.147     0.0933
7628.24     3.766     0.0953
7630.69     3.593     0.0875
7633.13     3.831     0.0768
7635.57     3.864     0.0688
7638.01     3.832     0.0663
7640.46     4.008     0.0676
7642.90     4.053     0.0686
7645.34     4.444     0.0719
7647.78     4.984     0.0785
7650.23     4.842     0.0822
7652.67     4.961     0.0866
7655.11     5.403     0.0898
7657.55     5.424     0.0930
7660.00     5.548     0.1019
7662.44     5.609     0.1061
7664.88     5.387     0.0985
7667.33     5.416     0.0891
7669.77     5.603     0.0876
7672.21     5.523     0.0864
7674.65     5.477     0.0855
7677.10     5.747     0.0884
7679.54     5.950     0.0921
7681.98     6.190     0.0963
7684.42     5.979     0.0966
7686.87     5.572     0.0954
7689.31     5.894     0.1000
7691.75     6.056     0.1011
7694.19     6.082     0.1018
7696.64     6.222     0.1054
7699.08     5.869     0.1036
7701.52     5.694     0.1005
7703.96     5.995     0.0978
7706.41     5.815     0.1083
7708.85     6.358     0.1652
7711.29     6.101     0.2364
7713.74     5.927     0.2999
7716.18     6.680     0.3019
7718.62     6.041     0.2422
7721.06     6.294     0.2022
7723.51     6.679     0.2085
7725.95     6.476     0.1536
7728.39     6.075     0.1569
7730.83     5.255     0.1340
7733.28     6.276     0.1127
7735.72     6.128     0.1088
7738.16     6.285     0.1065
7740.60     6.208     0.1031
7743.05     5.438     0.1028
7745.49     5.701     0.1567
7747.93     5.352     0.2503
7750.38     5.142     0.2894
7752.82     5.479     0.2565
7755.26     6.160     0.1981
7757.70     6.099     0.1866
7760.15     6.252     0.1791
7762.59     6.193     0.1522
7765.03     5.946     0.1205
7767.47     5.914     0.1119
7769.92     5.790     0.1179
7772.36     5.596     0.1212
7774.80     5.611     0.1271
7777.24     5.930     0.1396
7779.69     5.886     0.1442
7782.13     6.011     0.1401
7784.57     6.158     0.1231
7787.02     5.877     0.1192
7789.46     6.434     0.1728
7791.90     6.007     0.2322
7794.34     6.839     0.2580
7796.79     6.705     0.2100
7799.23     6.107     0.1470
7801.67     6.043     0.1231
7804.11     6.167     0.1372
7806.56     5.262     0.1680
7809.00     5.783     0.1700
7811.44     6.293     0.1457
7813.88     5.885     0.1404
7816.33     5.847     0.1735
7818.77     6.109     0.2427
7821.21     6.244     0.2860
7823.66     6.482     0.2512
7826.10     6.179     0.1749
7828.54     6.296     0.1360
7830.98     6.333     0.1218
7833.43     5.959     0.1109
7835.87     6.045     0.1224
7838.31     6.089     0.1445
7840.75     6.526     0.1834
7843.20     6.259     0.1694
7845.64     5.791     0.1362
7848.08     5.828     0.1827
7850.52     5.755     0.2671
7852.97     5.592     0.3108
7855.41     5.231     0.2929
7857.85     5.222     0.2506
7860.29     5.012     0.2178
7862.74     5.178     0.1901
7865.18     5.567     0.1854
7867.62     5.087     0.2091
7870.07     5.357     0.2234
7872.51     5.547     0.1999
7874.95     5.701     0.1770
7877.39     6.452     0.1862
7879.84     6.067     0.1881
7882.28     6.216     0.1758
7884.72     6.535     0.1792
7887.16     6.232     0.2029
7889.61     5.986     0.2132
7892.05     6.167     0.1938
7894.49     6.268     0.1529
7896.93     5.726     0.1276
7899.38     5.767     0.1195
7901.82     5.901     0.1161
7904.26     5.888     0.1136
7906.71     5.698     0.1333
7909.15     5.860     0.2324
7911.59     6.678     0.3667
7914.03     6.181     0.3962
7916.48     5.463     0.3466
7918.92     5.272     0.2868
7921.36     5.675     0.2573
7923.80     5.811     0.2064
7926.25     5.900     0.1734
7928.69     5.848     0.1875
7931.13     5.956     0.1928
7933.57     6.039     0.1750
7936.02     6.063     0.1427
7938.46     6.255     0.1292
7940.90     6.192     0.1247
7943.35     5.939     0.1315
7945.79     5.758     0.1576
7948.23     6.150     0.1769
7950.67     6.059     0.1702
7953.12     5.676     0.1395
7955.56     5.578     0.1212
7958.00     6.027     0.1341
7960.44     6.023     0.2188
7962.89     5.418     0.2992
7965.33     5.836     0.3260
7967.77     6.239     0.2578
7970.21     5.885     0.1819
7972.66     6.024     0.1588
7975.10     6.403     0.1813
7977.54     6.062     0.2061
7979.98     6.252     0.2100
7982.43     6.425     0.1824
7984.87     6.168     0.1491
7987.31     6.294     0.1697
7989.76     6.577     0.2766
7992.20     6.665     0.3537
7994.64     6.148     0.3413
7997.08     6.064     0.2433
7999.53     6.061     0.1764
8001.97     6.230     0.1504
8004.41     6.046     0.1326
8006.85     6.048     0.1262
8009.30     6.095     0.1469
8011.74     5.629     0.1736
8014.18     6.001     0.1884
8016.62     6.074     0.1722
8019.07     5.649     0.1561
8021.51     6.073     0.2089
8023.95     5.745     0.2719
8026.40     5.964     0.2917
8028.84     6.221     0.2407
8031.28     5.767     0.1766
8033.72     5.781     0.1490
8036.17     6.006     0.1359
8038.61     6.312     0.1291
8041.05     6.183     0.1242
8043.49     6.137     0.1239
8045.94     6.454     0.1340
8048.38     6.628     0.1527
8050.82     6.726     0.1681
8053.26     6.632     0.1629
8055.71     6.701     0.1564
8058.15     6.601     0.1771
8060.59     6.476     0.2059
8063.04     6.290     0.2047
8065.48     6.201     0.1745
8067.92     6.136     0.1447
8070.36     5.952     0.1346
8072.81     6.600     0.1361
8075.25     6.641     0.1339
8077.69     6.658     0.1331
8080.13     6.506     0.1331
8082.58     6.425     0.1332
8085.02     6.628     0.1358
8087.46     6.206     0.1316
8089.90     6.162     0.1361
8092.35     6.086     0.1417
8094.79     6.141     0.1431
8097.23     6.036     0.1442
8099.67     6.097     0.1565
8102.12     6.262     0.1666
8104.56     6.216     0.1635
8107.00     6.734     0.1490
8109.45     6.845     0.1415
8111.89     6.331     0.1332
8114.33     6.584     0.1328
8116.77     6.716     0.1326
8119.22     6.396     0.1302
8121.66     6.205     0.1290
8124.10     6.291     0.1301
8126.54     5.751     0.1248
8128.99     5.826     0.1263
8131.43     5.851     0.1266
8133.87     5.495     0.1273
8136.31     5.555     0.1324
8138.76     5.520     0.1341
8141.20     5.956     0.1397
8143.64     6.345     0.1468
8146.09     6.193     0.1474
8148.53     6.408     0.1470
8150.97     6.214     0.1379
8153.41     5.928     0.1306
8155.86     5.917     0.1282
8158.30     5.823     0.1262
8160.74     5.815     0.1272
8163.18     6.034     0.1288
8165.63     6.137     0.1300
8168.07     5.947     0.1285
8170.51     6.083     0.1304
8172.95     6.068     0.1303
8175.40     6.127     0.1311
8177.84     6.265     0.1331
8180.28     6.227     0.1313
8182.73     6.451     0.1372
8185.17     6.101     0.1358
8187.61     6.380     0.1413
8190.05     6.348     0.1428
8192.50     6.380     0.1436
8194.94     6.688     0.1472
8197.38     6.504     0.1445
8199.82     6.161     0.1382
8202.27     6.231     0.1379
8204.71     6.460     0.1412
8207.15     6.324     0.1419
8209.59     6.284     0.1404
8212.04     6.672     0.1424
8214.48     6.358     0.1408
8216.92     6.475     0.1419
8219.37     6.489     0.1420
8221.81     5.983     0.1368
8224.25     5.909     0.1358
8226.69     5.757     0.1310
8229.14     5.172     0.1519
8231.58     5.775     0.1500
8234.02     5.808     0.1309
8236.46     5.423     0.1317
8238.91     5.757     0.1373
8241.35     6.078     0.1427
8243.79     6.117     0.1525
8246.23     6.203     0.1524
8248.68     6.094     0.1461
8251.12     6.122     0.1469
8253.56     6.293     0.1479
8256.00     6.287     0.1487
8258.45     6.289     0.1474
8260.89     6.350     0.1465
8263.33     6.494     0.1481
8265.78     6.398     0.1477
8268.22     6.366     0.1483
8270.66     6.178     0.1482
8273.10     5.480     0.1557
8275.55     5.481     0.2032
8277.99     5.692     0.2775
8280.43     4.625     0.3090
8282.87     3.711     0.3274
8285.32     4.407     0.3779
8287.76     4.656     0.3956
8290.20     4.118     0.3475
8292.64     5.061     0.3222
8295.09     5.934     0.3973
8297.53     6.412     0.4672
8299.97     5.995     0.4222
8302.42     6.060     0.3188
8304.86     6.457     0.2560
8307.30     6.057     0.2509
8309.74     5.406     0.2441
8312.19     5.757     0.2312
8314.63     5.350     0.1939
8317.07     5.429     0.1751
8319.51     5.997     0.1722
8321.96     6.362     0.1667
8324.40     5.993     0.1579
8326.84     5.862     0.1538
8329.28     5.876     0.1522
8331.73     5.990     0.1548
8334.17     6.079     0.1573
8336.61     5.834     0.1691
8339.06     6.413     0.3074
8341.50     6.925     0.6313
8343.94     7.204     0.7922
8346.38     6.451     0.7349
8348.83     6.683     0.5633
8351.27     6.896     0.5109
8353.71     6.503     0.4542
8356.15     6.781     0.3365
8358.60     6.518     0.2626
8361.04     6.518     0.2652
8363.48     6.651     0.2663
8365.92     6.105     0.2444
8368.37     6.042     0.2080
8370.81     5.970     0.1879
8373.25     5.963     0.1865
8375.69     5.551     0.1820
8378.14     6.494     0.2418
8380.58     6.940     0.2996
8383.02     7.022     0.3117
8385.47     6.650     0.2589
8387.91     6.268     0.2145
8390.35     5.915     0.1903
8392.79     5.906     0.2169
8395.24     6.851     0.4167
8397.68     7.189     0.5890
8400.12     7.222     0.6167
8402.56     6.501     0.4427
8405.01     5.691     0.2988
8407.45     5.683     0.2439
8409.89     5.952     0.2464
8412.33     6.122     0.3030
8414.78     6.587     0.3444
8417.22     6.519     0.3189
8419.66     5.975     0.2476
8422.11     5.791     0.2146
8424.55     5.837     0.3014
8426.99     4.956     0.5096
8429.43     4.522     0.6570
8431.88     5.951     0.6251
8434.32     6.176     0.4283
8436.76     5.966     0.3030
8439.20     6.501     0.2557
8441.65     6.203     0.2108
8444.09     5.919     0.1859
8446.53     5.601     0.2034
8448.97     5.815     0.2708
8451.42     5.964     0.3193
8453.86     5.972     0.3070
8456.30     6.339     0.2574
8458.75     6.382     0.2468
8461.19     5.968     0.3679
8463.63     5.634     0.5149
8466.07     4.843     0.5339
8468.52     4.628     0.4141
8470.96     5.112     0.2972
8473.40     6.037     0.2641
8475.84     6.638     0.2376
8478.29     6.140     0.2040
8480.73     6.346     0.1954
8483.17     6.365     0.1941
8485.61     6.092     0.1872
8488.06     6.226     0.2112
8490.50     6.130     0.2611
8492.94     6.364     0.2943
8495.38     6.559     0.2833
8497.83     6.270     0.2556
8500.27     6.185     0.3029
8502.71     6.251     0.3954
8505.16     6.129     0.4212
8507.60     6.396     0.3690
8510.04     6.179     0.2803
8512.48     5.973     0.2441
8514.93     6.304     0.2307
8517.37     6.753     0.2245
8519.81     6.872     0.2228
8522.25     6.533     0.2154
8524.70     6.813     0.2169
8527.14     6.399     0.2105
8529.58     6.924     0.2197
8532.02     7.073     0.2260
8534.47     7.217     0.2456
8536.91     6.992     0.2670
8539.35     6.975     0.2756
8541.80     7.636     0.2797
8544.24     7.389     0.2948
8546.68     7.309     0.3420
8549.12     7.157     0.3568
8551.57     6.935     0.3261
8554.01     7.270     0.2873
8556.45     6.420     0.2605
8558.89     7.142     0.2668
8561.34     6.977     0.2523
8563.78     6.958     0.2475
8566.22     7.407     0.2606
8568.66     7.123     0.2595
8571.11     6.721     0.2571
8573.55     7.044     0.2714
8575.99     7.062     0.2731
8578.44     7.293     0.2763
8580.88     7.168     0.2782
8583.32     7.132     0.2895
8585.76     7.031     0.3079
8588.21     7.477     0.3270
